27
31
32
34
40
50
53
57
58
59
69
80
87
89
90
91
93
96
104
109
116
124
125
134
161
162
168
172
180
188
189
203
205
207
215
217
219
225
238
249
255
261
262
269
281
287
292
297
299
304
307
309
317
332
335
336
339
343
349
363
366
370
374
375
376
381
382
385
386
387
394
396
402
403
410
414
420
428
429
437
438
451
452
454
457
460
462
463
469
473
475
478
482
483
495
509
510
520
525
535
537
538
546
548
560
563
566
568
571
572
573
579
594
596
598
599
605
612
613
619
620
621
628
630
631
632
634
646
656
669
683
685
686
695
696
697
698
707
712
721
723
726
733
736
737
738
739
740
741
742
743
749
753
758
767
770
780
793
797
801
814
816
823
824
825
832
841
847
857
859
864
884
892
898
903
905
916
917
920
923
929
930
933
934
936
937
940
941
953
957
962
966
972
973
978
983
987
988
990
1004
1006
1009
1016
1017
1020
1024
1030
1035
1040
1055
1056
1057
1059
1063
1064
1066
1067
1082
1086
1087
1097
1101
1102
1108
1110
1115
1117
1119
1128
1129
1130
1134
1135
1142
1144
1151
1153
1158
1169
1171
1194
1196
1201
1210
1222
1226
1232
1234
1238
1240
1243
1249
1250
1254
1259
1269
1275
1278
1279
1291
1294
1296
1304
1308
1309
1317
1318
1321
1322
1324
1325
1326
1332
1334
1344
1355
1361
1364
1366
1370
1374
1375
1376
1381
1385
1390
1392
1399
1404
1415
1416
1419
1423
1434
1435
1438
1441
1448
1464
1465
1466
1467
1468
1473
1475
1480
1488
1491
1494
1497
1500
1501
1504
1510
1512
1515
1520
1529
1534
1538
1543
1549
1559
1565
1568
1571
1573
1583
1588
1593
1602
1604
1605
1608
1616
1620
1623
1630
1639
1641
1646
1647
1650
1652
1661
1666
1667
1689
1701
1703
1704
1709
1716
1722
1724
1727
1737
1738
1748
1749
1755
1775
1776
1780
1782
1790
1801
1806
1811
1816
1819
1823
1826
1828
1830
1834
1841
1845
1848
1851
1852
1855
1857
1862
1870
1871
1873
1877
1882
1896
1897
1907
1912
1926
1932
1934
1943
1948
1953
1958
1962
1964
1966
1970
1980
1987
1988
1991
1992
1994
1995
2001
2003
2007
2008
2019
2021
2024
2025
2027
2038
2039
2040
2044
2052
2055
2060
2065
2068
2073
2074
2078
2096
2099
2108
2109
2111
2113
2114
2120
2129
2142
2148
2150
2151
2156
2162
2169
2181
2188
2189
2200
2211
2225
2227
2236
2237
2238
2240
2243
2251
2256
2257
2262
2263
2264
2272
2275
2279
2285
2292
2294
2300
2311
2313
2315
2316
2317
2318
2321
2325
2330
2334
2336
2339
2340
2341
2342
2343
2367
2368
2375
2385
2386
2388
2391
2400
2401
2410
2411
2417
2424
2428
2429
2430
2432
2435
2446
2453
2457
2462
2473
2474
2487
2512
2514
2520
2526
2540
2541
2542
2544
2554
2563
2566
2572
2581
2586
2596
2598
2600
2601
2605
2606
2609
2610
2614
2620
2624
2628
2635
2640
2649
2654
2658
2661
2664
2670
2686
2687
2700
2702
2703
2714
2725
2727
2732
2734
2736
2743
2748
2750
2751
2752
2753
2754
2755
2760
2769
2772
2780
2783
2790
2793
2794
2796
2805
2810
2811
2818
2822
2823
2824
2843
2849
2857
2859
2863
2869
2870
2874
2876
2884
2888
2892
2897
2903
2917
2923
2943
2944
2945
2946
2964
2965
2967
2977
2985
2988
2989
2990
2997
3003
3005
3009
3012
3014
3022
3024
3026
3030
3037
3038
3041
3053
3056
3057
3060
3062
3088
3090
3092
3100
3103
3114
3119
3122
3127
3131
3132
3135
3143
3154
3161
3162
3168
3170
3191
3197
3201
3202
3208
3213
3224
3230
3235
3238
3253
3255
3262
3266
3280
3285
3287
3291
3295
3305
3315
3323
3324
3328
3330
3333
3345
3355
3373
3387
3409
3411
3414
3421
3424
3428
3429
3445
3454
3471
3480
3490
3496
3504
3512
3517
3519
3520
3522
3529
3541
3546
3549
3550
3551
3556
3557
3562
3572
3573
3574
3576
3580
3583
3593
3598
3606
3624
3630
3631
3639
3641
3655
3662
3667
3672
3675
3678
3689
3691
3700
3702
3705
3706
3719
3720
3723
3731
3734
3743
3744
3759
3761
3765
3766
3771
3775
3776
3782
3789
3798
3805
3807
3811
3812
3821
3822
3823
3824
3835
3851
3852
3857
3859
3861
3865
3866
3867
3871
3873
3876
3882
3883
3885
3887
3902
3907
3908
3910
3911
3915
3916
3917
3922
3925
3926
3927
3929
3934
3935
3936
3937
3940
3941
3953
3955
3964
3975
3985
3991
3996
4007
4014
4016
4020
4022
4044
4048
4050
4058
4063
4066
4069
4076
4077
4083
4095
4099
4103
4107
4111
4112
4114
4120
4121
4122
4128
4131
4141
4142
4145
4147
4155
4160
4164
4169
4173
4174
4175
4179
4182
4183
4184
4185
4190
4195
4198
4227
4231
4234
4235
4244
4250
4252
