11
12
13
14
19
21
23
26
30
35
41
45
63
66
71
75
78
83
84
92
94
100
102
105
110
111
120
121
126
130
135
140
143
159
163
165
167
171
178
182
190
193
198
200
202
206
218
230
235
237
240
243
245
247
248
250
254
256
257
270
272
274
276
282
288
296
300
313
314
316
323
327
328
334
337
341
344
354
355
357
361
373
379
383
392
393
409
413
417
419
421
433
443
459
468
470
471
477
484
485
488
490
492
493
497
500
501
503
505
515
522
524
527
530
531
534
552
553
565
575
578
581
585
586
592
601
623
625
626
636
640
645
653
654
655
659
675
678
690
691
693
694
700
701
703
706
719
727
732
734
746
747
748
751
755
761
762
764
766
769
771
772
773
776
787
788
794
802
808
810
815
820
831
834
838
839
848
855
856
860
865
869
871
875
885
895
896
899
906
907
914
921
935
942
943
944
947
950
955
958
963
965
971
977
979
991
994
998
1000
1003
1014
1015
1019
1022
1026
1027
1029
1041
1045
1047
1048
1050
1058
1068
1071
1077
1079
1080
1093
1096
1098
1100
1106
1109
1113
1121
1122
1125
1127
1132
1137
1147
1149
1150
1155
1156
1159
1172
1173
1180
1200
1207
1211
1215
1218
1228
1235
1236
1239
1245
1247
1248
1256
1258
1260
1268
1273
1284
1286
1287
1290
1298
1299
1301
1302
1305
1316
1323
1333
1349
1353
1369
1383
1386
1389
1393
1394
1418
1424
1433
1439
1444
1447
1451
1452
1453
1455
1457
1474
1477
1483
1484
1492
1507
1519
1523
1533
1535
1539
1546
1552
1555
1557
1560
1566
1570
1586
1589
1590
1596
1614
1617
1621
1627
1629
1632
1634
1637
1645
1662
1669
1670
1673
1675
1676
1685
1687
1690
1693
1694
1696
1697
1707
1708
1712
1713
1720
1721
1723
1733
1739
1745
1753
1754
1759
1760
1768
1771
1779
1784
1789
1793
1795
1809
1817
1825
1831
1837
1840
1842
1849
1854
1856
1861
1863
1866
1879
1881
1884
1887
1892
1894
1901
1908
1910
1914
1920
1931
1937
1939
1946
1954
1961
1965
1971
1973
1975
1977
1979
1983
1997
2000
2006
2028
2032
2033
2034
2041
2042
2047
2050
2064
2067
2076
2081
2087
2091
2093
2094
2097
2103
2105
2110
2115
2118
2119
2123
2125
2128
2130
2134
2143
2153
2158
2161
2163
2173
2177
2195
2199
2206
2215
2218
2229
2231
2233
2235
2244
2248
2252
2253
2254
2255
2260
2261
2269
2273
2278
2282
2284
2287
2290
2295
2308
2310
2312
2332
2338
2346
2356
2366
2372
2376
2377
2379
2384
2387
2402
2415
2416
2420
2421
2423
2425
2426
2427
2439
2440
2443
2455
2458
2465
2466
2469
2476
2478
2481
2483
2491
2492
2499
2500
2503
2506
2510
2511
2516
2517
2518
2519
2525
2534
2536
2537
2538
2552
2557
2570
2576
2577
2579
2583
2584
2592
2599
2603
2612
2613
2621
2623
2627
2633
2634
2662
2663
2676
2688
2690
2693
2696
2698
2701
2712
2713
2721
2723
2724
2729
2730
2735
2747
2749
2758
2759
2761
2764
2770
2771
2778
2779
2781
2792
2798
2801
2802
2806
2814
2815
2817
2827
2831
2835
2846
2847
2852
2860
2861
2873
2875
2889
2894
2901
2902
2905
2909
2918
2929
2935
2939
2940
2959
2963
2968
2969
2971
2973
2979
2981
2995
2999
3002
3008
3018
3025
3034
3039
3042
3045
3049
3063
3070
3072
3079
3083
3089
3093
3095
3097
3102
3117
3123
3129
3130
3142
3145
3148
3150
3160
3164
3171
3174
3175
3188
3194
3195
3198
3203
3209
3214
3220
3221
3223
3226
3233
3237
3239
3242
3250
3251
3252
3260
3263
3269
3272
3275
3278
3279
3283
3284
3286
3288
3293
3294
3299
3303
3313
3321
3329
3336
3348
3353
3354
3362
3364
3367
3369
3370
3371
3380
3386
3391
3392
3395
3407
3415
3418
3427
3430
3431
3433
3434
3437
3439
3440
3446
3448
3460
3466
3472
3475
3478
3482
3489
3493
3494
3497
3500
3508
3510
3513
3514
3530
3537
3543
3547
3553
3554
3559
3561
3564
3565
3579
3592
3594
3599
3602
3604
3611
3614
3615
3625
3627
3633
3634
3636
3650
3664
3671
3683
3692
3693
3699
3711
3715
3718
3724
3732
3745
3746
3752
3755
3760
3774
3780
3781
3784
3786
3800
3806
3809
3816
3817
3828
3829
3833
3837
3840
3841
3858
3862
3869
3878
3886
3890
3896
3897
3899
3900
3905
3913
3914
3920
3921
3943
3947
3956
3961
3969
3970
3971
3973
3978
3980
3986
3987
3989
3992
3993
3997
3998
4008
4010
4011
4026
4029
4033
4035
4037
4047
4049
4053
4054
4062
4064
4070
4073
4079
4081
4084
4087
4089
4090
4094
4102
4104
4106
4110
4113
4125
4130
4136
4137
4139
4153
4154
4161
4166
4180
4189
4194
4201
4202
4203
4207
4213
4214
4215
4218
4230
4241
4248
