5
6
20
29
42
44
46
51
52
60
64
65
67
77
85
98
101
107
113
114
115
122
128
131
145
147
150
151
156
157
166
169
170
173
179
183
186
191
192
195
199
209
216
220
221
224
226
234
239
246
251
259
264
266
268
273
278
280
283
284
289
290
294
295
306
310
311
318
319
324
325
326
333
342
358
359
371
372
384
390
408
411
415
422
424
426
427
430
431
436
440
442
446
450
456
458
461
465
466
481
486
491
514
516
528
529
536
539
540
542
543
544
550
556
557
561
564
569
576
582
584
587
589
590
591
593
607
608
609
610
611
615
618
622
624
638
644
649
651
657
662
665
673
674
679
680
681
682
688
702
710
714
725
729
745
754
756
757
763
775
777
795
796
800
803
804
809
811
813
819
821
822
827
828
836
846
866
872
874
876
880
883
886
887
890
894
915
931
938
949
951
954
956
981
985
996
1002
1025
1042
1044
1062
1065
1069
1072
1074
1083
1088
1089
1090
1099
1103
1104
1107
1112
1118
1123
1138
1139
1141
1148
1161
1162
1163
1164
1165
1178
1187
1189
1191
1195
1208
1209
1217
1220
1225
1233
1251
1252
1253
1261
1264
1266
1270
1277
1280
1282
1288
1293
1303
1312
1314
1315
1327
1331
1338
1340
1341
1343
1345
1346
1347
1350
1351
1359
1360
1362
1363
1372
1382
1387
1391
1397
1398
1400
1402
1405
1410
1412
1414
1420
1422
1425
1431
1437
1442
1450
1456
1462
1463
1469
1476
1481
1482
1487
1490
1496
1498
1503
1509
1511
1518
1526
1528
1532
1536
1548
1558
1563
1572
1574
1575
1579
1580
1581
1585
1592
1595
1599
1600
1601
1603
1612
1624
1625
1633
1636
1638
1642
1644
1657
1665
1671
1674
1677
1679
1681
1684
1692
1695
1705
1715
1717
1718
1728
1740
1758
1763
1764
1765
1767
1781
1783
1786
1788
1802
1814
1818
1822
1824
1838
1839
1853
1859
1875
1876
1883
1885
1886
1888
1891
1893
1895
1899
1900
1915
1918
1923
1927
1929
1936
1938
1942
1949
1950
1955
1956
1960
1963
1967
1974
1982
2002
2009
2010
2011
2012
2013
2016
2026
2036
2046
2048
2049
2061
2062
2072
2075
2080
2082
2085
2088
2090
2104
2107
2116
2121
2136
2139
2140
2146
2147
2149
2154
2157
2159
2167
2171
2176
2183
2190
2192
2198
2201
2203
2207
2221
2228
2234
2250
2259
2268
2280
2281
2296
2298
2299
2301
2303
2326
2331
2333
2335
2337
2345
2347
2348
2353
2354
2361
2364
2380
2389
2396
2399
2404
2405
2408
2412
2419
2431
2434
2437
2441
2442
2444
2448
2450
2451
2454
2459
2461
2479
2482
2484
2490
2502
2513
2521
2529
2530
2535
2545
2546
2548
2549
2559
2564
2585
2590
2593
2594
2602
2607
2618
2629
2631
2636
2639
2644
2650
2652
2655
2656
2660
2666
2671
2672
2675
2680
2683
2684
2685
2692
2695
2699
2706
2707
2708
2710
2719
2720
2726
2728
2733
2741
2745
2746
2756
2762
2766
2768
2773
2776
2782
2787
2788
2795
2797
2804
2808
2812
2829
2830
2838
2839
2840
2845
2848
2850
2853
2854
2856
2868
2872
2878
2879
2880
2885
2886
2887
2890
2891
2893
2895
2896
2899
2908
2915
2921
2922
2924
2925
2927
2931
2932
2933
2937
2938
2941
2947
2948
2949
2951
2957
2966
2984
2986
2991
3001
3007
3016
3017
3020
3027
3028
3029
3036
3043
3050
3052
3054
3058
3061
3078
3080
3098
3101
3111
3112
3126
3134
3137
3141
3144
3146
3151
3153
3155
3157
3163
3177
3178
3180
3181
3182
3184
3186
3189
3192
3200
3207
3215
3228
3234
3240
3241
3243
3246
3248
3249
3259
3265
3267
3281
3289
3296
3297
3300
3301
3304
3308
3309
3312
3322
3326
3334
3338
3343
3344
3347
3356
3357
3359
3361
3365
3379
3382
3383
3390
3398
3401
3404
3410
3419
3422
3425
3447
3455
3457
3458
3462
3464
3467
3469
3491
3492
3498
3499
3503
3507
3516
3523
3525
3527
3542
3548
3567
3569
3570
3571
3586
3588
3590
3591
3597
3601
3605
3612
3616
3617
3618
3628
3640
3647
3649
3651
3656
3659
3660
3661
3665
3666
3668
3669
3674
3680
3682
3687
3707
3709
3716
3725
3726
3727
3729
3737
3738
3739
3749
3753
3757
3770
3772
3773
3778
3787
3790
3802
3820
3830
3831
3832
3842
3843
3850
3855
3860
3874
3877
3879
3888
3892
3893
3906
3919
3930
3932
3942
3949
3954
3960
3962
3967
3977
3979
3982
3984
3988
3990
4002
4005
4009
4013
4021
4024
4030
4031
4039
4040
4041
4042
4052
4056
4061
4080
4082
4085
4086
4088
4092
4096
4100
4108
4109
4115
4119
4123
4124
4129
4132
4138
4140
4144
4146
4150
4152
4156
4162
4165
4167
4168
4171
4181
4192
4196
4208
4211
4219
4221
4223
4225
4226
4229
4233
4237
4238
4243
4245
4246
4249
4253
