0
3
8
9
15
16
18
25
37
38
39
43
47
48
54
55
62
72
73
76
79
86
88
95
97
103
106
108
118
119
123
129
132
136
137
146
153
158
160
174
175
176
177
181
184
187
194
197
201
208
210
212
213
214
222
227
231
236
244
252
258
260
271
277
298
302
305
308
320
321
329
330
338
345
346
348
351
352
356
364
365
368
388
389
391
395
399
404
405
407
418
432
434
439
444
445
453
472
474
476
494
496
498
502
504
506
507
512
513
518
521
545
547
549
559
574
580
583
597
604
616
627
629
635
637
639
641
652
664
666
671
672
676
677
684
687
689
699
704
713
716
717
720
724
728
731
735
752
759
760
779
781
782
783
785
786
789
790
791
798
805
807
812
818
826
830
833
837
842
849
850
861
863
867
868
879
881
882
888
893
897
900
901
908
909
911
912
919
922
924
926
927
932
939
959
961
964
967
968
970
975
976
980
986
992
1005
1007
1008
1013
1018
1023
1033
1036
1038
1039
1043
1046
1049
1051
1052
1053
1054
1081
1094
1095
1105
1116
1124
1131
1133
1136
1140
1143
1145
1146
1152
1166
1167
1168
1170
1175
1176
1182
1185
1188
1190
1192
1197
1202
1203
1204
1206
1221
1223
1224
1227
1229
1231
1241
1242
1244
1255
1257
1262
1265
1271
1274
1276
1285
1292
1307
1310
1311
1329
1335
1336
1337
1339
1342
1348
1358
1371
1373
1377
1380
1388
1396
1403
1406
1407
1408
1411
1413
1421
1426
1427
1428
1429
1440
1443
1449
1454
1458
1459
1460
1472
1478
1485
1486
1499
1502
1508
1514
1516
1517
1521
1522
1525
1531
1537
1540
1544
1554
1556
1562
1576
1577
1578
1582
1591
1594
1597
1606
1607
1610
1611
1618
1619
1626
1640
1643
1655
1656
1660
1664
1668
1672
1678
1680
1683
1688
1702
1706
1711
1714
1725
1726
1730
1734
1736
1741
1743
1744
1750
1751
1757
1762
1766
1773
1777
1778
1785
1792
1794
1799
1800
1803
1804
1805
1807
1808
1810
1820
1829
1833
1844
1850
1864
1865
1867
1880
1890
1898
1904
1905
1906
1913
1919
1922
1924
1925
1928
1935
1940
1941
1959
1972
1976
1978
1984
1989
1990
1993
2004
2014
2017
2035
2043
2045
2051
2054
2056
2058
2066
2070
2071
2083
2084
2086
2089
2092
2095
2102
2112
2117
2122
2124
2126
2127
2131
2132
2133
2141
2155
2165
2166
2168
2172
2174
2178
2180
2182
2185
2186
2187
2194
2196
2197
2202
2208
2217
2219
2224
2230
2232
2239
2242
2245
2247
2249
2258
2267
2270
2277
2283
2286
2293
2297
2302
2304
2305
2307
2309
2314
2319
2327
2329
2344
2349
2350
2352
2357
2359
2363
2369
2378
2381
2382
2383
2390
2393
2394
2395
2397
2398
2406
2418
2433
2436
2438
2447
2449
2452
2456
2460
2463
2464
2467
2470
2472
2477
2480
2488
2489
2493
2494
2496
2497
2504
2505
2507
2509
2515
2523
2527
2532
2543
2547
2550
2558
2560
2561
2562
2565
2567
2571
2573
2575
2578
2580
2588
2595
2597
2608
2615
2622
2625
2626
2630
2632
2638
2641
2643
2645
2647
2659
2665
2668
2669
2677
2678
2689
2691
2694
2697
2709
2717
2718
2722
2731
2738
2740
2774
2775
2777
2785
2786
2789
2800
2803
2820
2821
2825
2828
2833
2834
2836
2837
2842
2844
2866
2871
2882
2900
2906
2907
2910
2913
2926
2950
2953
2955
2961
2970
2972
2974
2982
2983
2994
2996
3000
3004
3006
3010
3013
3015
3021
3035
3044
3047
3055
3059
3064
3065
3067
3073
3074
3075
3076
3081
3086
3087
3104
3105
3106
3107
3110
3113
3115
3133
3138
3139
3152
3156
3158
3165
3167
3169
3173
3176
3183
3193
3204
3210
3211
3219
3225
3227
3229
3231
3244
3247
3257
3261
3270
3271
3276
3277
3290
3302
3306
3307
3310
3317
3318
3332
3337
3340
3341
3349
3360
3363
3368
3375
3377
3378
3381
3385
3389
3394
3397
3402
3403
3405
3406
3408
3420
3436
3438
3441
3442
3444
3451
3452
3459
3461
3463
3465
3468
3476
3477
3483
3484
3486
3495
3501
3506
3528
3532
3533
3534
3535
3539
3544
3545
3552
3566
3578
3581
3589
3600
3603
3607
3621
3622
3626
3638
3642
3643
3644
3646
3652
3658
3673
3677
3686
3688
3694
3697
3698
3701
3710
3712
3721
3730
3740
3747
3751
3756
3763
3767
3769
3779
3788
3793
3794
3795
3796
3799
3801
3803
3804
3808
3825
3836
3838
3839
3844
3847
3849
3854
3863
3870
3895
3901
3903
3904
3909
3928
3938
3952
3957
3958
3963
3972
3974
3995
4001
4004
4012
4017
4025
4027
4032
4036
4046
4071
4072
4078
4093
4098
4101
4105
4117
4118
4126
4133
4134
4149
4158
4159
4163
4170
4172
4177
4178
4187
4191
4204
4205
4209
4212
4216
4222
4224
4228
4232
4236
4239
4242
4247
