1
2
4
7
10
17
22
24
28
33
36
49
56
61
68
70
74
81
82
99
112
117
127
133
138
139
141
142
144
148
149
152
154
155
164
185
196
204
211
223
228
229
232
233
241
242
253
263
265
267
275
279
285
286
291
293
301
303
312
315
322
331
340
347
350
353
360
362
367
369
377
378
380
397
398
400
401
406
412
416
423
425
435
441
447
448
449
455
464
467
479
480
487
489
499
508
511
517
519
523
526
532
533
541
551
554
555
558
562
567
570
577
588
595
600
602
603
606
614
617
633
642
643
647
648
650
658
660
661
663
667
668
670
692
705
708
709
711
715
718
722
730
744
750
765
768
774
778
784
792
799
806
817
829
835
840
843
844
845
851
852
853
854
858
862
870
873
877
878
889
891
902
904
910
913
918
925
928
945
946
948
952
960
969
974
982
984
989
993
995
997
999
1001
1010
1011
1012
1021
1028
1031
1032
1034
1037
1060
1061
1070
1073
1075
1076
1078
1084
1085
1091
1092
1111
1114
1120
1126
1154
1157
1160
1174
1177
1179
1181
1183
1184
1186
1193
1198
1199
1205
1212
1213
1214
1216
1219
1230
1237
1246
1263
1267
1272
1281
1283
1289
1295
1297
1300
1306
1313
1319
1320
1328
1330
1352
1354
1356
1357
1365
1367
1368
1378
1379
1384
1395
1401
1409
1417
1430
1432
1436
1445
1446
1461
1470
1471
1479
1489
1493
1495
1505
1506
1513
1524
1527
1530
1541
1542
1545
1547
1550
1551
1553
1561
1564
1567
1569
1584
1587
1598
1609
1613
1615
1622
1628
1631
1635
1648
1649
1651
1653
1654
1658
1659
1663
1682
1686
1691
1698
1699
1700
1710
1719
1729
1731
1732
1735
1742
1746
1747
1752
1756
1761
1769
1770
1772
1774
1787
1791
1796
1797
1798
1812
1813
1815
1821
1827
1832
1835
1836
1843
1846
1847
1858
1860
1868
1869
1872
1874
1878
1889
1902
1903
1909
1911
1916
1917
1921
1930
1933
1944
1945
1947
1951
1952
1957
1968
1969
1981
1985
1986
1996
1998
1999
2005
2015
2018
2020
2022
2023
2029
2030
2031
2037
2053
2057
2059
2063
2069
2077
2079
2098
2100
2101
2106
2135
2137
2138
2144
2145
2152
2160
2164
2170
2175
2179
2184
2191
2193
2204
2205
2209
2210
2212
2213
2214
2216
2220
2222
2223
2226
2241
2246
2265
2266
2271
2274
2276
2288
2289
2291
2306
2320
2322
2323
2324
2328
2351
2355
2358
2360
2362
2365
2370
2371
2373
2374
2392
2403
2407
2409
2413
2414
2422
2445
2468
2471
2475
2485
2486
2495
2498
2501
2508
2522
2524
2528
2531
2533
2539
2551
2553
2555
2556
2568
2569
2574
2582
2587
2589
2591
2604
2611
2616
2617
2619
2637
2642
2646
2648
2651
2653
2657
2667
2673
2674
2679
2681
2682
2704
2705
2711
2715
2716
2737
2739
2742
2744
2757
2763
2765
2767
2784
2791
2799
2807
2809
2813
2816
2819
2826
2832
2841
2851
2855
2858
2862
2864
2865
2867
2877
2881
2883
2898
2904
2911
2912
2914
2916
2919
2920
2928
2930
2934
2936
2942
2952
2954
2956
2958
2960
2962
2975
2976
2978
2980
2987
2992
2993
2998
3011
3019
3023
3031
3032
3033
3040
3046
3048
3051
3066
3068
3069
3071
3077
3082
3084
3085
3091
3094
3096
3099
3108
3109
3116
3118
3120
3121
3124
3125
3128
3136
3140
3147
3149
3159
3166
3172
3179
3185
3187
3190
3196
3199
3205
3206
3212
3216
3217
3218
3222
3232
3236
3245
3254
3256
3258
3264
3268
3273
3274
3282
3292
3298
3311
3314
3316
3319
3320
3325
3327
3331
3335
3339
3342
3346
3350
3351
3352
3358
3366
3372
3374
3376
3384
3388
3393
3396
3399
3400
3412
3413
3416
3417
3423
3426
3432
3435
3443
3449
3450
3453
3456
3470
3473
3474
3479
3481
3485
3487
3488
3502
3505
3509
3511
3515
3518
3521
3524
3526
3531
3536
3538
3540
3555
3558
3560
3563
3568
3575
3577
3582
3584
3585
3587
3595
3596
3608
3609
3610
3613
3619
3620
3623
3629
3632
3635
3637
3645
3648
3653
3654
3657
3663
3670
3676
3679
3681
3684
3685
3690
3695
3696
3703
3704
3708
3713
3714
3717
3722
3728
3733
3735
3736
3741
3742
3748
3750
3754
3758
3762
3764
3768
3777
3783
3785
3791
3792
3797
3810
3813
3814
3815
3818
3819
3826
3827
3834
3845
3846
3848
3853
3856
3864
3868
3872
3875
3880
3881
3884
3889
3891
3894
3898
3912
3918
3923
3924
3931
3933
3939
3944
3945
3946
3948
3950
3951
3959
3965
3966
3968
3976
3981
3983
3994
3999
4000
4003
4006
4015
4018
4019
4023
4028
4034
4038
4043
4045
4051
4055
4057
4059
4060
4065
4067
4068
4074
4075
4091
4097
4116
4127
4135
4143
4148
4151
4157
4176
4186
4188
4193
4197
4199
4200
4206
4210
4217
4220
4240
4251
